1:
30878
2647871
1283744
2488120
317050
1904905
1989766
14756
1027056
1149588
1394012
1406595
2529547
1682104
2625019
2603381
1774623
470861
712610
1772839
1059319
2380848
548064

1:
2647871
1283744
2488120
317050
10:
1952305
1531863
1000:
2326571
977808
1010534
1861759
79755
1001:
1050889
67976
1025642
624334
239718
549109
143504
584301
437680
2434971
400819
1841130
1926199
805709
545109
662875
74408
529725
1786012
2382523
1358422
780049
1894639
1014799
2176030
286045
1381947
386254
224172
404085
2005305
1956315
2580275
2110738
1525405
2187027
1995906
2133433
2097983
884805
2083077
1642134
2550380
2559056
1080407
1455000
498315
10002:
1450941
1213181
308502
2581993
10003:
1515111
10004:
1737087
1270334
1262711
1903515
2140798
2479158
2161335
2099522
1291600
2198877
2214717
1936582
84804
1257912
1263375
735147
1186407
350806
1141242
638738
590598
1704823
2238464
273497
2499539
2543444
119309
2540335
129495
956464
1648424
10005:
254775
1892654
469365
793736
926698
10006:
1093333
1982605
1534853
1632583
10007:
1204847
2160216
248206
835054
1064667
2419805
2084848
671106
2087887
1340891
1917538
2018945
2520477
10008:
1813636
2048630
930946
1492860
1687570
1122917
1885441
10009:
1927533
1789102
2263612
964421
701514
2120902
1001:
1050889
67976
1025642
624334
239718
549109
143504
584301
437680
2434971
400819
1841130
1926199
805709
545109
662875
74408
529725
1786012
2382523
1358422
780049
1894639
1014799
2176030
286045
1381947
386254
224172
404085
2005305
1956315
2580275
2110738
1525405
2187027
1995906
2133433
2097983
884805
2083077
1642134
2550380
2559056
1080407
1455000
498315
2464251
1149181
2117376
1368543
1216717
1727516
1771413
2326782
2423679
1198786

10028:
1986255
1312610
1527666
1606775
1649392
1522640
440956
10029:
2293890
1141552
1823836
2551226
10031:
548690
2518265
1575474
2203195
1578801
2614194
1224756
2157060
1528644
10032:
2329101
569745
640080
177766
1949239
624145
709091
2104131
688765
1390809
336400
1268066
470044
1791554
1920755
2317575
2488926
1212320
996425
123345
799400
824189
650940
1573281
910244
1547411
2222535
2458016
83110
1274574
1587304
2214218
677039
1903221
1879733
662218
1563172
1724551
775034
884907
2174325
739713
1169824
61009
319516
750365
1819621
10033:
1989027
1227591
1810636
1335621
1001590
1207661
1401075
2403799
791223
639727
1957988
1762834
1381789
334033
10034:
2107088
69088
10035:
1651047
811486
2112205
2070135
2148631
2212430
822400
49255
801884
1303306
2268521
929407
2172403
282064
1985000
88318
1408280
2440091
1813810
1727192
10036:
2105693
842613
2557615
2125051
397569
2636037
2063030
2159553
1531624

2917:
2030796
2620721
1423478
1118510
118074
2415248
2918:
38116
2607983
2255272
1315402
1492360
1732877
1518230
1924978
1765896
2598782
19364
1981906
152814
2919:
372884
2452907
870333
1228547
2292853
2058808
1963179
1361371
222897
1588739
1247404
599635
858771
1528246
1781043
2397497
272335
2388268
382518
818804
2432393
1786144
232055
2176566
1487347
292:
2625857

4124:
799460
2149159
1706582
2036989
2442067
137736
2503555
1573988
113650
678043
1976470
1572216
533352
573576
1263871
2305307
1143712
2480610
2374325
465543
1795561
1281276
352838
2375069
1341480
309424
1377619
4125:
628351
412150
2009214
113766
4127:
388025
1278540
1363658
753819
985989
2628662
2046187
1047129
935675
2428768
1000266
1693179
2585233
1171274
231247
4129:
469857
1198093
1618191
346554
614096
1822827
2556722
1697019
1591941
338633
1467446
371456
1255703
1436314
524672
1942739
118694
1094594
1149543
2133004
2262169
1556320
1266382
2180750
254961
1880009
755346
792917
2491828
490666
2008803
459189
446797
966611
765430
1954861
2324964
1206536
1138509
179881
349436
215808
1198632
2319491
2199674
1454500
710757
910402
935492
1642703
2386179
135878
2404203
1819315
1743431
2462764
2621330
861047
2170564
2042144
2208746
2375069
1127691
805166
1816082
1758612
413:
213068
1873751
2419279
1513649
953592
362697
2406990
2121612
142189
249568
1855167
2200149
668360
1282189
892281
1293143
1026645
2474298
1569734
2168365
2170389
2231293
188664
2238411
1681591
2619157
1221336
1249684
865852
673215
1393850
2247263
2573979
2124661
1440673
1037533
351890
369164
590535
2544569
1443645
707086
1652111
469373
1539680
2164850
1773574
1839064
181060
2140887
814729
1083909
2579950
522201
83269
1351941
933665
524396
1503218
2242596
1898762
12692
958959
1490967
702933
592104
1737950
185638
1120851
1180421
1348134
1671813
1469683
2423135
1787474
1537128
1677856
2334917
1520551
1198631
1014799
128830
704984
2575651
2629921
1981567
2011758
1444297
124945
914473
238756
436517
1257516
1960291
120201
1565039
162891
399766
1259992
1987444
903791
1174047
46922
829041
207131
1701490
1473063
2370529
2325954
1407098
2278254
193401
2292853
1849805
1688295
750314
1601511
417220
359565
1021284
1934296
1387032
1269763
531354
1531249
1574445
1291603
430842
1222552
288342
1629391
2037799
902129
1184812
1288983
1856804
1711143
325865
16716

788:
1466909
1328941
1591698
315988
2159395
2450390
1416860
529698
1071142
1779983
894429
2485033
301290
2552749
1609058
1555731
252005
957975
466644
893026
1382412
1901530
2098011
1413467
46651
1654826
1977925
1854800
2340515
1837241
148811
872706
2645183
593372
614831
1704751
2419881
1266894
1889473
1529713
2180550
2262481
2009093
1256078
849806
1212748
2579855
2581424
1307236
2537317
985692
2557417
1987937
432243
6917
655408
1603647
1919943
2130393
1662860
2229989
1349781
901629
1503706
1308116
185208
2092522
202305
60712
2482670
2236761
284224
1456184
1514894
2068826
1796792
2053427
1604229
1499985
1773296
2450703
621947
1694146
1883559
219498
883330
1597730
1067070
2185434
178211
1307145
1247271
1365569
296929
1141423
67472
443847
2620378
2378011
1030353
2248481
1344703
2487240
590535
1181698
1836951
1366645
960152
1290557
1858198
1725395
2276348
2101787
627019
307552
485891
1567651
376927
461399
911720
1703667
353360
1954138
1560035
43045
130400
1170482
467808
2619718
154442
2258492
1756365
1489754
135104
1282268
2404756
1102301
2140887
904906
204707
1965797
1540143
420612
2513485
1542244
2644574
212196
1879361
1508269
952569
1079046
2077423
1103492
2302659
1658222
1707299
386869
1074643
1496191
2303885
1162138
2342171
2608786
2296012
796804
252737
1262488
1762870
592104
2501514
1875412
2129067
1000597
1190171
665631
185638
1997436
223602
2131561
2346938
12584
1120851
803829
1039913
115147
2230223
964495
2219681
1039574
976721
1835687
1164555
484813
402641
1159553
995556
809626
78348
1648070
2238660
192777
95699
479141
220002
1475876
1896391
2344648
2120767
2648159
1990915
1623681
592383
2054480
406114
785843
395155
2224807
1649820
659906
2150956
1557272
1169690
640280
1199095
1579438
2407814
600217
4389
348820
1381148
1506263
1010231
1629257
2396561
1874123
2515563
1839238
2146147
650367
2148323
1953617
286383
26376
2138410
939964
1892033
2368815
1889814
2318916
357340
1085485
2071612
390394
1514857
1317648
1308472
2347199
1493654
1601511
2019249
1282178
2215690
807714
719569
2417729
428844
458304
1551949
567986
1581920
246903
2097625
2343614
2179806
76640
2243215
2106971
941696
992925
1496881
475365
1455999
576685
909840
2152141
1996919
637513
258578
897505
181567
2589417
2497159
1333536
1586240
645994
1764992
2415067
959738
1064688
2153771
1145431
1730026
1152159
217481
1577648
1392004
585094
757449
1680214
1508460
347672
459246
455042
133080
1423960
1575155
1043452
1994568
447971
2482288
1356401
107543
2544746
1321177
731823
790525
972078
794374
2461374
1344552
416276
165102
1056440
1145552
1731365
1440281
578598
1415140
608393
2102187
1809733
227880
336804
2633860
450900
2446716
1467430
1846780
2003803
778309
1640450
808161
1686148
903350
1916704
2321106
1716785
1996751
1536796
1095217
489778
1143745
822051
508481